4944.104690
4924.853058
4979.838499
4893.973380
4946.713726
4967.210361
4948.914536
4959.043324
4972.731798
4942.042527
4877.183584
4875.452482
4975.778313
4932.755185
4863.472341
4952.695283
4808.494374
4873.563051
4970.907899
4887.374198
4906.213611
4981.296150
5008.246899
4843.079571
4788.061890
4986.622189
4960.487084
4956.632982
4960.507481
4893.760652
5004.365894
4929.162544
4953.811052
4986.934183
4961.016218
4901.362737
4879.215499
4915.007112
5046.098120
4846.817832
4950.955057
5019.176431
4927.202754
4630.301387
4900.927326
4929.401760
5052.028461
4949.577006
4944.347044
4909.578527
4973.532971
4880.971743
4874.355266
4928.709310
4858.876079
4914.733637
4986.798043
4951.450948
5019.176657
4955.489081
4931.502260
4991.486160
4890.424157
5024.931382
4858.598207
4941.065169
4852.576737
4866.660305
4886.740268
4997.515687
5002.015470
4908.349332
4927.193710
4836.447750
5002.786376
4894.336344
4922.885874
4898.833705
4918.474936
4952.950864
4953.001724
4950.711236
4938.461991
4889.737763
4966.857566
4919.853331
5034.864227
4590.030269
4948.868960
4964.268924
4915.909869
4996.182032
4966.508664
4797.049275
4966.947530
4931.988802
5014.418852
4881.135492
4912.344979
4837.096337
4937.669687
4922.076929
4880.746419
4961.915611
4930.373124
5020.263871
4973.482261
4961.070721
4962.092545
4847.874064
4810.474690
5001.824757
4534.334753
4762.004008
4945.671594
4959.158853
5014.469844
4998.614636
4890.703340
4946.762140
4892.850929
4840.812679
4737.059310
4971.502820
4998.962526
4981.954393
4817.925200
4926.010917
4979.186056
4926.421058
4728.325036
4850.790707
4918.936724
4888.532256
4996.586653
4900.940409
4737.263782
4961.515485
4949.480832
5007.917997
4926.206909
4875.639558
4939.284719
4887.176081
4972.718772
4945.040262
4976.223813
4938.672137
4995.625936
4918.092681
4990.558018
4867.052636
4954.629658
4978.430992
4967.304983
4886.093703
4898.101290
4931.599685
4985.805313
4968.830000
4915.048735
4768.658935
4924.619920
4931.031174
4717.091063
4995.340949
4883.219279
4835.005719
4955.352011
4684.507356
5022.446759
4934.644832
4873.035380
5043.088899
4998.629866
5034.832502
4811.814228
5014.089425
4927.156478
4854.854576
4894.507393
5015.697829
4851.066420
4998.158931
4926.433309
5003.068669
4983.397878
4949.379747
4965.085161
4954.890143
4947.710060
5003.374083
4939.973620
4963.263126
4527.659071
5028.756724
5041.053762
4991.773823
4937.604997
4866.624511
5063.465875
4911.229457
5032.533718
4925.502911
4906.810028
5060.031743
4756.689743
4869.127146
5030.521191
5017.349121
5038.350088
4957.595552
4981.117975
4998.744623
4952.425872
4794.926470
4893.597874
4906.961959
4898.744344
4929.454119
5009.845752
4963.560173
4973.870198
5011.215761
4933.503680
4962.697218
4945.803722
4729.765539
4924.625918
4929.952989
4874.403565
4988.412901
4966.613855
4897.803456
4916.477278
4813.791871
5005.042922
4967.461826
4994.271038
4964.595824
5000.525885
5002.757759
4990.795768
4946.753158
4924.201308
4863.340028
4926.407367
4709.945606
4892.183344
4902.531844
4960.389407
4830.953057
4931.383336
4296.869712
5012.852208
5016.805511
4850.809956
4999.065729
4883.735965
4989.707757
5002.137893
4908.149269
5054.130201
4823.244129
4731.960288
4982.003998
4575.001042
4903.512703
5040.020873
5010.736089
4883.199800
4904.725960
4921.615857
4954.004448
4916.467932
4993.284454
5013.911420
4864.488996
4832.977319
4890.194891
5004.186346
4779.664208
4943.170511
4972.262462
4974.168553
4860.906760
4967.969760
4939.580169
4909.145361
4897.570912
4902.688184
5019.422134
4914.908553
4974.078396
4937.126933
4969.445372
4890.064603
4963.651506
4958.507801
4864.322439
4815.673961
4878.804437
4957.176895
4868.989133
4930.687189
4960.411790
4913.448842
4938.627456
4919.783080
4963.904658
4924.359129
4976.995433
4881.833330
4943.510236
5003.997359
4944.322117
4921.013307
4923.882005
4911.504045
4879.764147
4944.820363
4869.738802
4993.084252
4996.296455
4961.246250
4989.472975
5011.756249
4969.460039
4831.161673
4967.122433
4899.364888
4808.295468
4879.932431
4944.804820
4896.802428
4895.184635
4999.198394
4947.366038
5014.910155
4995.106599
4947.734190
4958.542319
4949.363286
4924.924644
4926.646354
4869.385546
4973.422251
4797.356293
4885.460320
4927.823498
5015.947772
4996.984650
4866.352834
4822.459711
4929.630875
4688.044460
4928.651770
5003.037532
4961.573929
4948.251892
4970.226579
4914.834753
4759.749586
4906.149862
4966.880206
4997.671945
4621.392039
4940.366444
4868.803630
4942.068367
4924.799910
4919.142712
4992.887725
4984.137290
4912.017442
4958.310074
4967.946849
4999.112333
4966.825011
4872.443732
4873.610438
5006.035835
4832.391006
4997.293338
4982.420276
4975.555157
5021.529610
4935.546545
2860.169013
4963.308718
5016.250690
4949.270135
4882.702553
5035.264028
4616.592218
4790.222084
5011.663031
4986.887004
4978.213463
4904.549949
5019.524493
4803.183678
4929.019166
5029.586031
4975.861664
4963.635599
4744.275445
5029.737291
4921.435405
4965.203439
4856.206374
4977.004417
4934.621130
4932.324245
4740.763199
4737.013481
4958.346197
4935.737059
4983.244287
4908.081500
4964.143331
4896.919906
4807.815157
4980.217257
4945.711223
4958.398255
4977.548502
4820.391120
4956.090303
4965.107139
4976.799611
4748.719768
4951.981770
4861.270474
4829.043702
4748.353417
4972.185529
4939.883374
4814.110821
4983.308947
4901.318263
4962.156526
4927.315200
4981.657350
4988.041417
4988.911895
4990.755363
5021.784677
4786.093148
4973.793442
4960.826834
4746.903688
4850.323818
4873.131645
4979.862952
4847.137623
4894.810456
4973.073794
4885.966884
5047.172756
4816.192336
4914.751553
4884.328575
4850.544951
4971.869491
5001.937707
5004.764357
4791.871595
4972.356575
4972.063334
4713.772369
4991.181738
4959.405846
4941.293065
4986.880623
4978.600473
4822.272641
4919.128513
4984.335317
4951.370589
4886.783372
4925.934653
4977.359233
5012.584000
4772.758070
5047.895350
4975.328295
4952.259623
4988.810586
4941.608579
4729.802066
4911.519853
4964.763220
4999.116884
4860.626115
4913.790015
4936.332811
4947.296528
4989.617640
4943.832692
4914.671254
4936.673208
4962.480159
4984.072479
4920.061425
4790.274668
4628.359772
4558.863296
4919.915725
4966.675459
5014.662682
5001.717929
4984.834451
4906.004688
4895.662100
5016.817588
4812.041791
4993.629047
4835.602534
4949.028612
4873.361440
4930.347931
4987.556481
5009.827148
4007.334175
4750.302124
4930.159986
4899.589488
4623.926830
5056.304440
5009.851438
5000.087512
5002.801524
4934.995531
4898.639320
4960.781728
4972.223340
4774.114435
4965.035859
5013.846632
4916.600716
4864.043739
4780.883130
4952.316602
4918.524046
4549.510472
5030.869738
5054.398629
4895.903043
4721.379580
4808.963975
4982.241442
4907.890909
5011.150911
5011.966297
4924.231712
4903.256839
4984.050065
4760.649401
4987.674105
4831.687695
4698.734297
4984.700011
4962.023594
4907.012272
4894.785377
4927.316498
4966.833248
4995.028651
5020.140439
4968.147966
4975.064333
4787.195046
4948.909023
4781.387523
4997.237784
4955.904309
4877.516487
4878.303984
4950.820667
4927.630042
4978.953065
5021.829436
4962.068890
4948.793687
4918.406504
4964.204724
4974.804071
4873.391673
4763.934146
4931.281774
4848.356196
4885.493528
4934.817470
4993.348177
4984.003957
4945.077019
5004.669182
4802.442572
4999.245761
4766.436471
4994.413825
4913.551059
5002.852986
5038.983345
4873.526093
4965.331630
4900.649339
4866.235088
5012.316909
4858.658216
4993.856176
4964.744653
4971.645957
4874.969085
4830.897365
4903.820324
4825.512403
4955.735320
4883.870677
4954.571809
4923.500116
4885.409199
4944.898403
4922.392740
4883.089146
4975.743210
4785.840696
4932.406336
4765.737374
5034.073528
4975.910314
4751.617636
4993.096698
4946.772465
4847.174327
4928.822951
4973.930324
5045.952987
4934.633326
5005.870748
4980.885820
4895.937831
5024.203759
4899.281340
5010.272187
4974.405050
4819.530838
5021.013904
4882.609868
4993.401363
5019.392777
5039.139407
4977.521149
5004.309739
4944.601163
4951.682997
4965.341772
4913.242207
4987.598850
4861.326403
4961.555389
4909.454008
4924.979378
4958.939655
4979.799200
4919.626859
4915.899662
4943.745050
4986.994920
4975.533006
4994.982599
5075.799696
4983.426805
4791.721797
5015.523311
4990.952094
4912.705735
4940.706789
4965.977586
5011.162957
4885.640568
4934.341056
4965.372749
4955.080383
4798.386541
4950.583848
4963.999927
4915.921707
4905.206242
4938.871402
4958.421120
4941.459535
4951.319654
4858.642264
4940.811500
5044.959961
4969.068066
5005.100973
4932.411009
5037.524475
4950.948255
4968.197566
4868.880870
4885.109805
5036.866758
4948.375437
4988.862464
4755.556199
4195.827195
5003.078079
4886.586058
4686.876033
4964.030425
4963.228254
4867.478105
4954.811282
4974.188599
4652.826611
4957.162137
5022.311054
4968.614710
4808.046690
5076.863240
4997.050494
5003.825175
5047.963148
4987.956644
4948.400623
4962.382681
4968.146509
4720.207000
4977.068887
5006.417609
4937.691429
5024.372943
4957.520338
4917.970272
4883.679530
4945.335978
4655.828863
4869.521789
4710.414070
4939.810935
4992.592470
4967.623963
4913.968030
4931.730897
4876.348900
4921.702884
4837.282408
4878.728636
4948.300245
4988.082155
4948.753417
4967.309722
4869.374188
5006.681741
4980.506993
4973.299876
4950.459968
4881.853676
4776.489678
4956.908305
4881.847426
4848.493648
4968.785210
4868.806577
4919.264038
4986.082435
4883.487857
4898.306087
4877.483675
5028.718529
4963.758448
4947.936919
4894.287643
4960.975518
4978.473440
4843.252911
4982.514330
4920.938044
4962.178756
4927.820157
4941.459892
4976.014362
4934.807887
4879.458262
4832.197820
4472.151606
4742.455399
4970.011373
4964.788193
4976.837903
5019.144462
4968.452610
4914.440166
4919.190043
5001.377591
4918.049073
4928.609285
4790.616612
5012.721682
4941.301120
4921.529949
4977.032295
4879.419641
4928.679557
4904.830838
5016.783132
4842.439152
5008.843164
4911.472732
5016.423268
4897.395469
4976.023641
4906.732256
4953.298643
4987.078586
5018.024274
4933.202105
4895.201537
5017.279763
4770.928938
5009.777677
4986.428594
4987.370275
4901.716673
4939.643020
4937.596553
4598.289836
4611.319100
4961.697128
4966.467935
4935.835881
4930.121702
4941.196559
4802.084506
4966.363810
4966.009216
4849.989381
5044.224684
4954.727679
4980.016813
4919.761927
4820.768034
5024.079292
5034.919759
4831.726269
4920.368185
4981.642969
4762.066501
4941.349902
4956.411831
4751.981522
5021.639345
4953.952585
4950.442123
4931.809161
4907.485549
4634.992202
4739.482199
4876.993925
4854.922211
4963.629482
4959.762888
4977.056204
4911.359738
4840.330708
4994.532916
4928.448889
5034.698574
4981.385374
4957.214000
4911.144237
4902.316938
4951.060603
5015.494571
5043.924525
4927.763013
4874.965064
4926.412305
4977.830304
4901.656467
4960.785161
4929.493851
4937.300118
4961.867730
4916.462901
4897.926924
4988.085263
4932.565411
4865.794893
5019.407771
5035.722634
4906.568242
4998.446972
4980.664319
4647.984779
4916.665290
4926.297962
4950.811344
4962.033166
5018.097298
4866.285971
4828.319401
4915.911911
4903.658205
4881.158013
5035.577478
4871.528382
4948.828666
5016.572282
4919.578303
4990.608537
4656.962755
4941.366754
4967.452810
4893.181924
4975.910531
4969.410532
4943.144809
5008.241741
4989.268792
4922.470249
4574.107215
4907.254016
5015.758052
4937.347643
4954.544056
4881.219475
4797.748573
4854.660647
4989.592445
4794.541170
4821.957883
4872.494021
4949.490530
4909.157904
4949.058298
5038.242311
4948.382387
5020.338560
5032.352980
4972.112926
4868.008898
5016.320702
4846.347668
4900.613259
5017.975130
4891.692925
4936.415186
4931.510128
4923.781828
4935.237195
5009.762683
4915.017954
4967.023329
4778.840688
4982.726182
4979.741262
4901.363939
4864.876447
4990.212786
4958.047815
4934.274428
4932.678700
4935.698131
4982.305413
4862.571605
4853.079277
4940.157416
4853.365716
4995.785875
4787.059890
4908.992276
4964.214516
4927.625498
4953.039321
4990.779758
4945.185552
4977.031523
4967.073498
4939.819029
4986.324317
4974.880704
4962.932879
4905.340595
4868.119721
4980.056629
4735.721035
4983.870475
4942.408853
4884.524563
4983.229721
4890.352610
4847.130484
4913.075674
4827.330570
4980.310288

