1.5 0.5 -0.0003198434036220119 0.001615320448206138 3.6093721788469044 0.1163796476171258
1.5 0.5 -0.0003198434036220119 0.001615320448206138 3.6093721788469044 0.1163796476171258
1.0 1.0 0.008305848473381509 0.009229154297596881 3.1035173883124068 0.5049276277557054
0.5 1.5 -0.0028878310280322627 0.0032305800679040095 2.920919781273547 0.23835034568544536
0.5 1.5 0.0017841623037801943 0.0015433944767867574 2.452376060574535 0.10708351415753084
0.25 1.75 0.004669516614516186 0.0011583273537633418 2.219684178292996 0.0862974791845354
1.0 1.0 0.0019692475808399668 0.0009652987168751081 2.758167299769743 0.06772587971158114
0.25 1.75 0.004669516614516186 0.0011583273537633418 2.219684178292996 0.0862974791845354
1.75 0.25 0.011178728975126827 0.005840163904039532 3.9810785356543232 0.3381709610337506
1.75 0.25 0.001211322841768241 0.0014803912414238303 4.260862369014632 0.10317811614856819
1.75 0.25 0.0012103229585586498 0.001479170494060679 4.2573489502353175 0.10309305513855747
1.5 0.5 -0.0003197605072079504 0.0016149111845004584 3.6084588088647913 0.11635015265679385
1.0 1.0 0.001966327981481994 0.0009638680464996301 2.754079337097869 0.06762550473418673
0.5 1.5 -0.001003886561914883 0.0013786480332790912 2.7282863429151574 0.10294669248282728
0.5 1.5 0.0023638654331326835 0.0012312112595146152 2.4019293103535477 0.08678990663561358
0.25 1.75 0.004669516614516186 0.0011583273537633418 2.219684178292996 0.0862974791845354
